{
 "cells": [
  {
   "cell_type": "code",
   "execution_count": 1,
   "metadata": {},
   "outputs": [],
   "source": [
    "import matplotlib.pyplot as plt\n",
    "import numpy as np\n",
    "import diagnostics"
   ]
  },
  {
   "cell_type": "code",
   "execution_count": 2,
   "metadata": {},
   "outputs": [
    {
     "data": {
      "text/plain": [
       "{'modelname': 'LES',\n",
       " 'geometry': 'closed',\n",
       " 'Lx': 4000.0,\n",
       " 'Ly': 4000.0,\n",
       " 'Lz': 2000.0,\n",
       " 'n_tracers': 0,\n",
       " 'unit_length': 'm',\n",
       " 'unit_duration': 's',\n",
       " 'rotating': True,\n",
       " 'forced': True,\n",
       " 'coriolis': 0.0001,\n",
       " 'diff_coef': {},\n",
       " 'datadir': '/home1/scratch/groullet/data/Nyles',\n",
       " 'expname': 'plume_ref4',\n",
       " 'mode': 'overwrite',\n",
       " 'variables_in_history': ['b', 'u'],\n",
       " 'timestep_history': 600.0,\n",
       " 'simplified_grid': True,\n",
       " 'include_halo': False,\n",
       " 'disk_space_warning': 0.5,\n",
       " 'show': False,\n",
       " 'iterations_per_frame': 4,\n",
       " 'style': 'b-interface',\n",
       " 'stable_stratification': False,\n",
       " 'aspect': 'equal',\n",
       " 'rotation_speed': 3,\n",
       " 'tend': 86400.0,\n",
       " 'timestepping': 'LFAM3',\n",
       " 'auto_dt': True,\n",
       " 'dt': 200.0,\n",
       " 'cfl': 0.8,\n",
       " 'dt_max': 200.0,\n",
       " 'global_nx': 32,\n",
       " 'global_ny': 32,\n",
       " 'global_nz': 16,\n",
       " 'orderVF': 5,\n",
       " 'orderKE': 5,\n",
       " 'orderA': 5,\n",
       " 'npx': 2,\n",
       " 'npy': 2,\n",
       " 'npz': 1,\n",
       " 'nh': 3,\n",
       " 'npre': 3,\n",
       " 'npost': 3,\n",
       " 'ndeepest': 20,\n",
       " 'omega': 0.8,\n",
       " 'tol': 0.001,\n",
       " 'maxite': 20,\n",
       " 'nglue': 1,\n",
       " 'ncellscoarsest': 32,\n",
       " 'nx': 16,\n",
       " 'ny': 16,\n",
       " 'nz': 16,\n",
       " 'procs': [1, 2, 2],\n",
       " 'myrank': 0,\n",
       " 'neighbours': {(0, 0, 1): 1, (0, 1, 0): 2, (0, 1, 1): 3},\n",
       " 'loc': [0, 0, 0]}"
      ]
     },
     "execution_count": 2,
     "metadata": {},
     "output_type": "execute_result"
    }
   ],
   "source": [
    "exp = diagnostics.plume('../../data/Nyles/plume_ref4/', 'plume_ref4')\n",
    "exp.params"
   ]
  },
  {
   "cell_type": "code",
   "execution_count": 3,
   "metadata": {},
   "outputs": [],
   "source": [
    "variables = exp.read_vars(['b'])"
   ]
  },
  {
   "cell_type": "code",
   "execution_count": 7,
   "metadata": {
    "scrolled": false
   },
   "outputs": [],
   "source": [
    "KE = exp.kinetic_energy()"
   ]
  },
  {
   "cell_type": "code",
   "execution_count": 8,
   "metadata": {},
   "outputs": [
    {
     "data": {
      "text/plain": [
       "(145, 16, 32, 32)"
      ]
     },
     "execution_count": 8,
     "metadata": {},
     "output_type": "execute_result"
    }
   ],
   "source": [
    "KE.shape"
   ]
  },
  {
   "cell_type": "code",
   "execution_count": 4,
   "metadata": {
    "scrolled": true
   },
   "outputs": [
    {
     "data": {
      "text/plain": [
       "array([[[[-0.0046875 , -0.0046875 , -0.0046875 , ..., -0.0046875 ,\n",
       "          -0.0046875 , -0.0046875 ],\n",
       "         [-0.0046875 , -0.0046875 , -0.0046875 , ..., -0.0046875 ,\n",
       "          -0.0046875 , -0.0046875 ],\n",
       "         [-0.0046875 , -0.0046875 , -0.0046875 , ..., -0.0046875 ,\n",
       "          -0.0046875 , -0.0046875 ],\n",
       "         ...,\n",
       "         [-0.0046875 , -0.0046875 , -0.0046875 , ..., -0.0046875 ,\n",
       "          -0.0046875 , -0.0046875 ],\n",
       "         [-0.0046875 , -0.0046875 , -0.0046875 , ..., -0.0046875 ,\n",
       "          -0.0046875 , -0.0046875 ],\n",
       "         [-0.0046875 , -0.0046875 , -0.0046875 , ..., -0.0046875 ,\n",
       "          -0.0046875 , -0.0046875 ]],\n",
       "\n",
       "        [[-0.0040625 , -0.0040625 , -0.0040625 , ..., -0.0040625 ,\n",
       "          -0.0040625 , -0.0040625 ],\n",
       "         [-0.0040625 , -0.0040625 , -0.0040625 , ..., -0.0040625 ,\n",
       "          -0.0040625 , -0.0040625 ],\n",
       "         [-0.0040625 , -0.0040625 , -0.0040625 , ..., -0.0040625 ,\n",
       "          -0.0040625 , -0.0040625 ],\n",
       "         ...,\n",
       "         [-0.0040625 , -0.0040625 , -0.0040625 , ..., -0.0040625 ,\n",
       "          -0.0040625 , -0.0040625 ],\n",
       "         [-0.0040625 , -0.0040625 , -0.0040625 , ..., -0.0040625 ,\n",
       "          -0.0040625 , -0.0040625 ],\n",
       "         [-0.0040625 , -0.0040625 , -0.0040625 , ..., -0.0040625 ,\n",
       "          -0.0040625 , -0.0040625 ]],\n",
       "\n",
       "        [[-0.0034375 , -0.0034375 , -0.0034375 , ..., -0.0034375 ,\n",
       "          -0.0034375 , -0.0034375 ],\n",
       "         [-0.0034375 , -0.0034375 , -0.0034375 , ..., -0.0034375 ,\n",
       "          -0.0034375 , -0.0034375 ],\n",
       "         [-0.0034375 , -0.0034375 , -0.0034375 , ..., -0.0034375 ,\n",
       "          -0.0034375 , -0.0034375 ],\n",
       "         ...,\n",
       "         [-0.0034375 , -0.0034375 , -0.0034375 , ..., -0.0034375 ,\n",
       "          -0.0034375 , -0.0034375 ],\n",
       "         [-0.0034375 , -0.0034375 , -0.0034375 , ..., -0.0034375 ,\n",
       "          -0.0034375 , -0.0034375 ],\n",
       "         [-0.0034375 , -0.0034375 , -0.0034375 , ..., -0.0034375 ,\n",
       "          -0.0034375 , -0.0034375 ]],\n",
       "\n",
       "        ...,\n",
       "\n",
       "        [[ 0.0034375 ,  0.0034375 ,  0.0034375 , ...,  0.0034375 ,\n",
       "           0.0034375 ,  0.0034375 ],\n",
       "         [ 0.0034375 ,  0.0034375 ,  0.0034375 , ...,  0.0034375 ,\n",
       "           0.0034375 ,  0.0034375 ],\n",
       "         [ 0.0034375 ,  0.0034375 ,  0.0034375 , ...,  0.0034375 ,\n",
       "           0.0034375 ,  0.0034375 ],\n",
       "         ...,\n",
       "         [ 0.0034375 ,  0.0034375 ,  0.0034375 , ...,  0.0034375 ,\n",
       "           0.0034375 ,  0.0034375 ],\n",
       "         [ 0.0034375 ,  0.0034375 ,  0.0034375 , ...,  0.0034375 ,\n",
       "           0.0034375 ,  0.0034375 ],\n",
       "         [ 0.0034375 ,  0.0034375 ,  0.0034375 , ...,  0.0034375 ,\n",
       "           0.0034375 ,  0.0034375 ]],\n",
       "\n",
       "        [[ 0.0040625 ,  0.0040625 ,  0.0040625 , ...,  0.0040625 ,\n",
       "           0.0040625 ,  0.0040625 ],\n",
       "         [ 0.0040625 ,  0.0040625 ,  0.0040625 , ...,  0.0040625 ,\n",
       "           0.0040625 ,  0.0040625 ],\n",
       "         [ 0.0040625 ,  0.0040625 ,  0.0040625 , ...,  0.0040625 ,\n",
       "           0.0040625 ,  0.0040625 ],\n",
       "         ...,\n",
       "         [ 0.0040625 ,  0.0040625 ,  0.0040625 , ...,  0.0040625 ,\n",
       "           0.0040625 ,  0.0040625 ],\n",
       "         [ 0.0040625 ,  0.0040625 ,  0.0040625 , ...,  0.0040625 ,\n",
       "           0.0040625 ,  0.0040625 ],\n",
       "         [ 0.0040625 ,  0.0040625 ,  0.0040625 , ...,  0.0040625 ,\n",
       "           0.0040625 ,  0.0040625 ]],\n",
       "\n",
       "        [[ 0.0046875 ,  0.0046875 ,  0.0046875 , ...,  0.0046875 ,\n",
       "           0.0046875 ,  0.0046875 ],\n",
       "         [ 0.0046875 ,  0.0046875 ,  0.0046875 , ...,  0.0046875 ,\n",
       "           0.0046875 ,  0.0046875 ],\n",
       "         [ 0.0046875 ,  0.0046875 ,  0.0046875 , ...,  0.0046875 ,\n",
       "           0.0046875 ,  0.0046875 ],\n",
       "         ...,\n",
       "         [ 0.0046875 ,  0.0046875 ,  0.0046875 , ...,  0.0046875 ,\n",
       "           0.0046875 ,  0.0046875 ],\n",
       "         [ 0.0046875 ,  0.0046875 ,  0.0046875 , ...,  0.0046875 ,\n",
       "           0.0046875 ,  0.0046875 ],\n",
       "         [ 0.0046875 ,  0.0046875 ,  0.0046875 , ...,  0.0046875 ,\n",
       "           0.0046875 ,  0.0046875 ]]],\n",
       "\n",
       "\n",
       "       [[[-0.00468724, -0.00468687, -0.00468675, ..., -0.00468675,\n",
       "          -0.00468687, -0.00468724],\n",
       "         [-0.00468687, -0.00468615, -0.00468593, ..., -0.00468593,\n",
       "          -0.00468615, -0.00468687],\n",
       "         [-0.00468675, -0.00468593, -0.00468568, ..., -0.00468568,\n",
       "          -0.00468593, -0.00468675],\n",
       "         ...,\n",
       "         [-0.00468675, -0.00468593, -0.00468568, ..., -0.00468568,\n",
       "          -0.00468593, -0.00468675],\n",
       "         [-0.00468687, -0.00468615, -0.00468593, ..., -0.00468593,\n",
       "          -0.00468615, -0.00468687],\n",
       "         [-0.00468724, -0.00468687, -0.00468675, ..., -0.00468675,\n",
       "          -0.00468687, -0.00468724]],\n",
       "\n",
       "        [[-0.00406291, -0.00406291, -0.00406298, ..., -0.00406297,\n",
       "          -0.00406291, -0.00406291],\n",
       "         [-0.00406291, -0.00406273, -0.00406278, ..., -0.00406278,\n",
       "          -0.00406273, -0.00406291],\n",
       "         [-0.00406297, -0.00406278, -0.00406286, ..., -0.00406286,\n",
       "          -0.00406278, -0.00406298],\n",
       "         ...,\n",
       "         [-0.00406298, -0.00406278, -0.00406286, ..., -0.00406286,\n",
       "          -0.00406278, -0.00406297],\n",
       "         [-0.00406291, -0.00406273, -0.00406278, ..., -0.00406278,\n",
       "          -0.00406273, -0.00406291],\n",
       "         [-0.00406291, -0.00406291, -0.00406297, ..., -0.00406298,\n",
       "          -0.00406291, -0.00406291]],\n",
       "\n",
       "        [[-0.00343776, -0.00343781, -0.00343786, ..., -0.00343786,\n",
       "          -0.00343781, -0.00343776],\n",
       "         [-0.00343781, -0.00343784, -0.00343789, ..., -0.00343789,\n",
       "          -0.00343784, -0.00343781],\n",
       "         [-0.00343786, -0.00343789, -0.00343796, ..., -0.00343796,\n",
       "          -0.00343789, -0.00343786],\n",
       "         ...,\n",
       "         [-0.00343786, -0.00343789, -0.00343796, ..., -0.00343796,\n",
       "          -0.00343789, -0.00343786],\n",
       "         [-0.00343781, -0.00343784, -0.00343789, ..., -0.00343789,\n",
       "          -0.00343784, -0.00343781],\n",
       "         [-0.00343776, -0.00343781, -0.00343786, ..., -0.00343786,\n",
       "          -0.00343781, -0.00343776]],\n",
       "\n",
       "        ...,\n",
       "\n",
       "        [[ 0.00343775,  0.00343781,  0.00343786, ...,  0.00343786,\n",
       "           0.00343781,  0.00343775],\n",
       "         [ 0.00343781,  0.00343785,  0.0034379 , ...,  0.0034379 ,\n",
       "           0.00343785,  0.00343781],\n",
       "         [ 0.00343786,  0.0034379 ,  0.00343798, ...,  0.00343798,\n",
       "           0.0034379 ,  0.00343786],\n",
       "         ...,\n",
       "         [ 0.00343786,  0.0034379 ,  0.00343798, ...,  0.00343798,\n",
       "           0.0034379 ,  0.00343786],\n",
       "         [ 0.00343781,  0.00343785,  0.0034379 , ...,  0.0034379 ,\n",
       "           0.00343785,  0.00343781],\n",
       "         [ 0.00343775,  0.00343781,  0.00343786, ...,  0.00343786,\n",
       "           0.00343781,  0.00343775]],\n",
       "\n",
       "        [[ 0.00406288,  0.00406291,  0.00406297, ...,  0.00406297,\n",
       "           0.00406291,  0.00406288],\n",
       "         [ 0.00406291,  0.00406278,  0.00406284, ...,  0.00406284,\n",
       "           0.00406278,  0.00406291],\n",
       "         [ 0.00406297,  0.00406284,  0.00406293, ...,  0.00406293,\n",
       "           0.00406284,  0.00406297],\n",
       "         ...,\n",
       "         [ 0.00406297,  0.00406284,  0.00406293, ...,  0.00406293,\n",
       "           0.00406284,  0.00406297],\n",
       "         [ 0.00406291,  0.00406278,  0.00406284, ...,  0.00406284,\n",
       "           0.00406278,  0.00406291],\n",
       "         [ 0.00406288,  0.00406291,  0.00406297, ...,  0.00406297,\n",
       "           0.00406291,  0.00406288]],\n",
       "\n",
       "        [[ 0.0046867 ,  0.0046855 ,  0.00468511, ...,  0.00468511,\n",
       "           0.0046855 ,  0.0046867 ],\n",
       "         [ 0.0046855 ,  0.0046831 ,  0.00468238, ...,  0.00468238,\n",
       "           0.0046831 ,  0.0046855 ],\n",
       "         [ 0.00468511,  0.00468238,  0.00468157, ...,  0.00468157,\n",
       "           0.00468238,  0.00468511],\n",
       "         ...,\n",
       "         [ 0.00468511,  0.00468238,  0.00468157, ...,  0.00468157,\n",
       "           0.00468238,  0.00468511],\n",
       "         [ 0.0046855 ,  0.0046831 ,  0.00468238, ...,  0.00468238,\n",
       "           0.0046831 ,  0.0046855 ],\n",
       "         [ 0.0046867 ,  0.0046855 ,  0.00468511, ...,  0.00468511,\n",
       "           0.0046855 ,  0.0046867 ]]],\n",
       "\n",
       "\n",
       "       [[[-0.00468684, -0.00468594, -0.00468563, ..., -0.00468563,\n",
       "          -0.00468594, -0.00468684],\n",
       "         [-0.00468594, -0.00468412, -0.00468358, ..., -0.00468358,\n",
       "          -0.00468412, -0.00468594],\n",
       "         [-0.00468563, -0.00468358, -0.00468296, ..., -0.00468296,\n",
       "          -0.00468358, -0.00468563],\n",
       "         ...,\n",
       "         [-0.00468563, -0.00468358, -0.00468296, ..., -0.00468296,\n",
       "          -0.00468358, -0.00468563],\n",
       "         [-0.00468594, -0.00468412, -0.00468358, ..., -0.00468358,\n",
       "          -0.00468412, -0.00468594],\n",
       "         [-0.00468684, -0.00468594, -0.00468563, ..., -0.00468563,\n",
       "          -0.00468594, -0.00468684]],\n",
       "\n",
       "        [[-0.0040635 , -0.0040635 , -0.00406365, ..., -0.00406365,\n",
       "          -0.00406351, -0.0040635 ],\n",
       "         [-0.00406351, -0.0040631 , -0.00406321, ..., -0.00406321,\n",
       "          -0.0040631 , -0.0040635 ],\n",
       "         [-0.00406365, -0.00406321, -0.0040634 , ..., -0.0040634 ,\n",
       "          -0.00406321, -0.00406365],\n",
       "         ...,\n",
       "         [-0.00406365, -0.00406321, -0.0040634 , ..., -0.0040634 ,\n",
       "          -0.00406321, -0.00406365],\n",
       "         [-0.0040635 , -0.0040631 , -0.00406321, ..., -0.00406321,\n",
       "          -0.0040631 , -0.00406351],\n",
       "         [-0.0040635 , -0.00406351, -0.00406365, ..., -0.00406365,\n",
       "          -0.0040635 , -0.0040635 ]],\n",
       "\n",
       "        [[-0.00343814, -0.00343826, -0.00343837, ..., -0.00343837,\n",
       "          -0.00343826, -0.00343814],\n",
       "         [-0.00343826, -0.00343835, -0.00343847, ..., -0.00343847,\n",
       "          -0.00343835, -0.00343826],\n",
       "         [-0.00343837, -0.00343847, -0.00343864, ..., -0.00343864,\n",
       "          -0.00343847, -0.00343837],\n",
       "         ...,\n",
       "         [-0.00343837, -0.00343847, -0.00343864, ..., -0.00343864,\n",
       "          -0.00343847, -0.00343837],\n",
       "         [-0.00343826, -0.00343835, -0.00343847, ..., -0.00343847,\n",
       "          -0.00343835, -0.00343826],\n",
       "         [-0.00343814, -0.00343826, -0.00343837, ..., -0.00343837,\n",
       "          -0.00343826, -0.00343814]],\n",
       "\n",
       "        ...,\n",
       "\n",
       "        [[ 0.00343817,  0.0034383 ,  0.00343842, ...,  0.00343842,\n",
       "           0.0034383 ,  0.00343817],\n",
       "         [ 0.0034383 ,  0.0034384 ,  0.00343854, ...,  0.00343853,\n",
       "           0.0034384 ,  0.0034383 ],\n",
       "         [ 0.00343842,  0.00343853,  0.00343871, ...,  0.00343871,\n",
       "           0.00343854,  0.00343842],\n",
       "         ...,\n",
       "         [ 0.00343842,  0.00343854,  0.00343871, ...,  0.00343871,\n",
       "           0.00343853,  0.00343842],\n",
       "         [ 0.0034383 ,  0.0034384 ,  0.00343853, ...,  0.00343854,\n",
       "           0.0034384 ,  0.0034383 ],\n",
       "         [ 0.00343817,  0.0034383 ,  0.00343842, ...,  0.00343842,\n",
       "           0.0034383 ,  0.00343817]],\n",
       "\n",
       "        [[ 0.00406338,  0.00406345,  0.0040636 , ...,  0.00406359,\n",
       "           0.00406345,  0.00406338],\n",
       "         [ 0.00406345,  0.00406322,  0.00406335, ...,  0.00406335,\n",
       "           0.00406322,  0.00406345],\n",
       "         [ 0.00406359,  0.00406335,  0.00406355, ...,  0.00406355,\n",
       "           0.00406335,  0.0040636 ],\n",
       "         ...,\n",
       "         [ 0.0040636 ,  0.00406335,  0.00406355, ...,  0.00406355,\n",
       "           0.00406335,  0.00406359],\n",
       "         [ 0.00406345,  0.00406322,  0.00406335, ...,  0.00406335,\n",
       "           0.00406322,  0.00406345],\n",
       "         [ 0.00406338,  0.00406345,  0.00406359, ...,  0.0040636 ,\n",
       "           0.00406345,  0.00406338]],\n",
       "\n",
       "        [[ 0.00468661,  0.0046854 ,  0.00468499, ...,  0.00468499,\n",
       "           0.0046854 ,  0.00468661],\n",
       "         [ 0.0046854 ,  0.00468302,  0.00468229, ...,  0.00468229,\n",
       "           0.00468302,  0.0046854 ],\n",
       "         [ 0.00468499,  0.00468229,  0.00468147, ...,  0.00468147,\n",
       "           0.00468229,  0.00468499],\n",
       "         ...,\n",
       "         [ 0.00468499,  0.00468229,  0.00468147, ...,  0.00468147,\n",
       "           0.00468229,  0.00468499],\n",
       "         [ 0.0046854 ,  0.00468302,  0.00468229, ...,  0.00468229,\n",
       "           0.00468302,  0.0046854 ],\n",
       "         [ 0.00468661,  0.0046854 ,  0.00468499, ...,  0.00468499,\n",
       "           0.0046854 ,  0.00468661]]],\n",
       "\n",
       "\n",
       "       ...,\n",
       "\n",
       "\n",
       "       [[[-0.00432249, -0.00433093, -0.00433073, ..., -0.00433557,\n",
       "          -0.00432649, -0.00432249],\n",
       "         [-0.00432649, -0.0043327 , -0.00433425, ..., -0.0043372 ,\n",
       "          -0.0043327 , -0.00433093],\n",
       "         [-0.00433557, -0.0043372 , -0.00433816, ..., -0.00433816,\n",
       "          -0.00433425, -0.00433073],\n",
       "         ...,\n",
       "         [-0.00433073, -0.00433425, -0.00433816, ..., -0.00433816,\n",
       "          -0.0043372 , -0.00433557],\n",
       "         [-0.00433093, -0.0043327 , -0.0043372 , ..., -0.00433425,\n",
       "          -0.0043327 , -0.00432649],\n",
       "         [-0.00432249, -0.00432649, -0.00433557, ..., -0.00433073,\n",
       "          -0.00433093, -0.00432249]],\n",
       "\n",
       "        [[-0.00391502, -0.00390836, -0.00390063, ..., -0.00388909,\n",
       "          -0.00390261, -0.00391502],\n",
       "         [-0.00390261, -0.00390173, -0.00390004, ..., -0.00390121,\n",
       "          -0.00390173, -0.00390836],\n",
       "         [-0.00388909, -0.00390121, -0.00391481, ..., -0.00391481,\n",
       "          -0.00390004, -0.00390063],\n",
       "         ...,\n",
       "         [-0.00390063, -0.00390004, -0.00391481, ..., -0.00391481,\n",
       "          -0.00390121, -0.00388909],\n",
       "         [-0.00390836, -0.00390173, -0.00390121, ..., -0.00390004,\n",
       "          -0.00390173, -0.00390261],\n",
       "         [-0.00391502, -0.00390261, -0.00388909, ..., -0.00390063,\n",
       "          -0.00390836, -0.00391502]],\n",
       "\n",
       "        [[-0.00333829, -0.00334261, -0.00333855, ..., -0.00334476,\n",
       "          -0.00333855, -0.00333829],\n",
       "         [-0.00333855, -0.00334675, -0.00334756, ..., -0.00335583,\n",
       "          -0.00334675, -0.00334261],\n",
       "         [-0.00334476, -0.00335583, -0.00336138, ..., -0.00336138,\n",
       "          -0.00334756, -0.00333855],\n",
       "         ...,\n",
       "         [-0.00333855, -0.00334756, -0.00336138, ..., -0.00336138,\n",
       "          -0.00335583, -0.00334476],\n",
       "         [-0.00334261, -0.00334675, -0.00335583, ..., -0.00334756,\n",
       "          -0.00334675, -0.00333855],\n",
       "         [-0.00333829, -0.00333855, -0.00334476, ..., -0.00333855,\n",
       "          -0.00334261, -0.00333829]],\n",
       "\n",
       "        ...,\n",
       "\n",
       "        [[ 0.00355545,  0.00354991,  0.00354531, ...,  0.00354057,\n",
       "           0.00355006,  0.00355545],\n",
       "         [ 0.00355006,  0.00354743,  0.00354596, ...,  0.003545  ,\n",
       "           0.00354743,  0.00354991],\n",
       "         [ 0.00354057,  0.003545  ,  0.00354931, ...,  0.00354931,\n",
       "           0.00354596,  0.00354531],\n",
       "         ...,\n",
       "         [ 0.00354531,  0.00354596,  0.00354931, ...,  0.00354931,\n",
       "           0.003545  ,  0.00354057],\n",
       "         [ 0.00354991,  0.00354743,  0.003545  , ...,  0.00354596,\n",
       "           0.00354743,  0.00355006],\n",
       "         [ 0.00355545,  0.00355006,  0.00354057, ...,  0.00354531,\n",
       "           0.00354991,  0.00355545]],\n",
       "\n",
       "        [[ 0.00409622,  0.00408791,  0.00408347, ...,  0.00407894,\n",
       "           0.00408804,  0.00409622],\n",
       "         [ 0.00408804,  0.0040918 ,  0.00409842, ...,  0.00410066,\n",
       "           0.0040918 ,  0.00408791],\n",
       "         [ 0.00407894,  0.00410066,  0.00411786, ...,  0.00411786,\n",
       "           0.00409842,  0.00408347],\n",
       "         ...,\n",
       "         [ 0.00408347,  0.00409842,  0.00411786, ...,  0.00411786,\n",
       "           0.00410066,  0.00407894],\n",
       "         [ 0.00408791,  0.0040918 ,  0.00410066, ...,  0.00409842,\n",
       "           0.0040918 ,  0.00408804],\n",
       "         [ 0.00409622,  0.00408804,  0.00407894, ...,  0.00408347,\n",
       "           0.00408791,  0.00409622]],\n",
       "\n",
       "        [[ 0.00468479,  0.00468624,  0.00468709, ...,  0.00468687,\n",
       "           0.00468514,  0.00468479],\n",
       "         [ 0.00468514,  0.00468711,  0.00468706, ...,  0.00468706,\n",
       "           0.00468711,  0.00468624],\n",
       "         [ 0.00468687,  0.00468706,  0.00468699, ...,  0.00468699,\n",
       "           0.00468706,  0.00468709],\n",
       "         ...,\n",
       "         [ 0.00468709,  0.00468706,  0.00468699, ...,  0.00468699,\n",
       "           0.00468706,  0.00468687],\n",
       "         [ 0.00468624,  0.00468711,  0.00468706, ...,  0.00468706,\n",
       "           0.00468711,  0.00468514],\n",
       "         [ 0.00468479,  0.00468514,  0.00468687, ...,  0.00468709,\n",
       "           0.00468624,  0.00468479]]],\n",
       "\n",
       "\n",
       "       [[[-0.00431482, -0.00432727, -0.00433047, ..., -0.00433341,\n",
       "          -0.0043207 , -0.00431482],\n",
       "         [-0.0043207 , -0.00432959, -0.00433365, ..., -0.00433542,\n",
       "          -0.00432959, -0.00432727],\n",
       "         [-0.00433341, -0.00433542, -0.00433565, ..., -0.00433565,\n",
       "          -0.00433365, -0.00433047],\n",
       "         ...,\n",
       "         [-0.00433047, -0.00433365, -0.00433565, ..., -0.00433565,\n",
       "          -0.00433542, -0.00433341],\n",
       "         [-0.00432727, -0.00432959, -0.00433542, ..., -0.00433365,\n",
       "          -0.00432959, -0.0043207 ],\n",
       "         [-0.00431482, -0.0043207 , -0.00433341, ..., -0.00433047,\n",
       "          -0.00432727, -0.00431482]],\n",
       "\n",
       "        [[-0.00387943, -0.00389643, -0.00391456, ..., -0.00388552,\n",
       "          -0.00387933, -0.00387943],\n",
       "         [-0.00387933, -0.00389172, -0.00390601, ..., -0.00389639,\n",
       "          -0.00389172, -0.00389643],\n",
       "         [-0.00388552, -0.00389639, -0.00390545, ..., -0.00390545,\n",
       "          -0.00390601, -0.00391456],\n",
       "         ...,\n",
       "         [-0.00391456, -0.00390601, -0.00390545, ..., -0.00390545,\n",
       "          -0.00389639, -0.00388552],\n",
       "         [-0.00389643, -0.00389172, -0.00389639, ..., -0.00390601,\n",
       "          -0.00389172, -0.00387933],\n",
       "         [-0.00387943, -0.00387933, -0.00388552, ..., -0.00391456,\n",
       "          -0.00389643, -0.00387943]],\n",
       "\n",
       "        [[-0.00329721, -0.00332584, -0.00335252, ..., -0.00334125,\n",
       "          -0.00331242, -0.00329721],\n",
       "         [-0.00331242, -0.00333273, -0.00335053, ..., -0.00334646,\n",
       "          -0.00333273, -0.00332584],\n",
       "         [-0.00334125, -0.00334646, -0.00334616, ..., -0.00334616,\n",
       "          -0.00335053, -0.00335252],\n",
       "         ...,\n",
       "         [-0.00335252, -0.00335053, -0.00334616, ..., -0.00334616,\n",
       "          -0.00334646, -0.00334125],\n",
       "         [-0.00332584, -0.00333273, -0.00334646, ..., -0.00335053,\n",
       "          -0.00333273, -0.00331242],\n",
       "         [-0.00329721, -0.00331242, -0.00334125, ..., -0.00335252,\n",
       "          -0.00332584, -0.00329721]],\n",
       "\n",
       "        ...,\n",
       "\n",
       "        [[ 0.00354294,  0.00354412,  0.00354827, ...,  0.003544  ,\n",
       "           0.00354357,  0.00354294],\n",
       "         [ 0.00354357,  0.00354552,  0.00354933, ...,  0.00354851,\n",
       "           0.00354552,  0.00354412],\n",
       "         [ 0.003544  ,  0.00354851,  0.00355235, ...,  0.00355235,\n",
       "           0.00354933,  0.00354827],\n",
       "         ...,\n",
       "         [ 0.00354827,  0.00354933,  0.00355235, ...,  0.00355235,\n",
       "           0.00354851,  0.003544  ],\n",
       "         [ 0.00354412,  0.00354552,  0.00354851, ...,  0.00354933,\n",
       "           0.00354552,  0.00354357],\n",
       "         [ 0.00354294,  0.00354357,  0.003544  , ...,  0.00354827,\n",
       "           0.00354412,  0.00354294]],\n",
       "\n",
       "        [[ 0.00407988,  0.00407832,  0.00408467, ...,  0.00408827,\n",
       "           0.00408035,  0.00407988],\n",
       "         [ 0.00408035,  0.00408795,  0.00409859, ...,  0.00410471,\n",
       "           0.00408795,  0.00407832],\n",
       "         [ 0.00408827,  0.00410471,  0.00411377, ...,  0.00411377,\n",
       "           0.00409859,  0.00408467],\n",
       "         ...,\n",
       "         [ 0.00408467,  0.00409859,  0.00411377, ...,  0.00411377,\n",
       "           0.00410471,  0.00408827],\n",
       "         [ 0.00407832,  0.00408795,  0.00410471, ...,  0.00409859,\n",
       "           0.00408795,  0.00408035],\n",
       "         [ 0.00407988,  0.00408035,  0.00408827, ...,  0.00408467,\n",
       "           0.00407832,  0.00407988]],\n",
       "\n",
       "        [[ 0.00468392,  0.0046865 ,  0.00468727, ...,  0.00468725,\n",
       "           0.00468546,  0.00468392],\n",
       "         [ 0.00468546,  0.00468712,  0.00468706, ...,  0.00468706,\n",
       "           0.00468712,  0.0046865 ],\n",
       "         [ 0.00468725,  0.00468706,  0.00468648, ...,  0.00468648,\n",
       "           0.00468706,  0.00468727],\n",
       "         ...,\n",
       "         [ 0.00468727,  0.00468706,  0.00468648, ...,  0.00468648,\n",
       "           0.00468706,  0.00468725],\n",
       "         [ 0.0046865 ,  0.00468712,  0.00468706, ...,  0.00468706,\n",
       "           0.00468712,  0.00468546],\n",
       "         [ 0.00468392,  0.00468546,  0.00468725, ...,  0.00468727,\n",
       "           0.0046865 ,  0.00468392]]],\n",
       "\n",
       "\n",
       "       [[[-0.00431385, -0.00432626, -0.00433028, ..., -0.0043327 ,\n",
       "          -0.00431994, -0.00431385],\n",
       "         [-0.00431994, -0.004329  , -0.00433311, ..., -0.00433459,\n",
       "          -0.004329  , -0.00432626],\n",
       "         [-0.0043327 , -0.00433459, -0.00433251, ..., -0.00433251,\n",
       "          -0.00433311, -0.00433028],\n",
       "         ...,\n",
       "         [-0.00433028, -0.00433311, -0.00433251, ..., -0.00433251,\n",
       "          -0.00433459, -0.0043327 ],\n",
       "         [-0.00432626, -0.004329  , -0.00433459, ..., -0.00433311,\n",
       "          -0.004329  , -0.00431994],\n",
       "         [-0.00431385, -0.00431994, -0.0043327 , ..., -0.00433028,\n",
       "          -0.00432626, -0.00431385]],\n",
       "\n",
       "        [[-0.00387839, -0.00389623, -0.0039194 , ..., -0.00389357,\n",
       "          -0.00388381, -0.00387839],\n",
       "         [-0.00388381, -0.00389391, -0.00390929, ..., -0.00389532,\n",
       "          -0.00389391, -0.00389623],\n",
       "         [-0.00389357, -0.00389532, -0.00389571, ..., -0.00389571,\n",
       "          -0.00390929, -0.0039194 ],\n",
       "         ...,\n",
       "         [-0.0039194 , -0.00390929, -0.00389571, ..., -0.00389571,\n",
       "          -0.00389532, -0.00389357],\n",
       "         [-0.00389623, -0.00389391, -0.00389532, ..., -0.00390929,\n",
       "          -0.00389391, -0.00388381],\n",
       "         [-0.00387839, -0.00388381, -0.00389357, ..., -0.0039194 ,\n",
       "          -0.00389623, -0.00387839]],\n",
       "\n",
       "        [[-0.00330504, -0.00332917, -0.00335668, ..., -0.00335257,\n",
       "          -0.00332441, -0.00330504],\n",
       "         [-0.00332441, -0.00333625, -0.00335173, ..., -0.00334271,\n",
       "          -0.00333625, -0.00332917],\n",
       "         [-0.00335257, -0.00334271, -0.00333393, ..., -0.00333393,\n",
       "          -0.00335173, -0.00335668],\n",
       "         ...,\n",
       "         [-0.00335668, -0.00335173, -0.00333393, ..., -0.00333393,\n",
       "          -0.00334271, -0.00335257],\n",
       "         [-0.00332917, -0.00333625, -0.00334271, ..., -0.00335173,\n",
       "          -0.00333625, -0.00332441],\n",
       "         [-0.00330504, -0.00332441, -0.00335257, ..., -0.00335668,\n",
       "          -0.00332917, -0.00330504]],\n",
       "\n",
       "        ...,\n",
       "\n",
       "        [[ 0.00353239,  0.00353714,  0.00354223, ...,  0.00354372,\n",
       "           0.00353796,  0.00353239],\n",
       "         [ 0.00353796,  0.00354006,  0.00354284, ...,  0.00354245,\n",
       "           0.00354006,  0.00353714],\n",
       "         [ 0.00354372,  0.00354245,  0.00354277, ...,  0.00354277,\n",
       "           0.00354284,  0.00354223],\n",
       "         ...,\n",
       "         [ 0.00354223,  0.00354284,  0.00354277, ...,  0.00354277,\n",
       "           0.00354245,  0.00354372],\n",
       "         [ 0.00353714,  0.00354006,  0.00354245, ...,  0.00354284,\n",
       "           0.00354006,  0.00353796],\n",
       "         [ 0.00353239,  0.00353796,  0.00354372, ...,  0.00354223,\n",
       "           0.00353714,  0.00353239]],\n",
       "\n",
       "        [[ 0.00406819,  0.00407423,  0.0040876 , ...,  0.00410083,\n",
       "           0.00407746,  0.00406819],\n",
       "         [ 0.00407746,  0.00408562,  0.00409322, ...,  0.00410056,\n",
       "           0.00408562,  0.00407423],\n",
       "         [ 0.00410083,  0.00410056,  0.00410095, ...,  0.00410095,\n",
       "           0.00409322,  0.0040876 ],\n",
       "         ...,\n",
       "         [ 0.0040876 ,  0.00409322,  0.00410095, ...,  0.00410095,\n",
       "           0.00410056,  0.00410083],\n",
       "         [ 0.00407423,  0.00408562,  0.00410056, ...,  0.00409322,\n",
       "           0.00408562,  0.00407746],\n",
       "         [ 0.00406819,  0.00407746,  0.00410083, ...,  0.0040876 ,\n",
       "           0.00407423,  0.00406819]],\n",
       "\n",
       "        [[ 0.00468491,  0.00468721,  0.0046873 , ...,  0.00468729,\n",
       "           0.00468671,  0.00468491],\n",
       "         [ 0.00468671,  0.00468713,  0.00468704, ...,  0.00468706,\n",
       "           0.00468713,  0.00468721],\n",
       "         [ 0.00468729,  0.00468706,  0.00468534, ...,  0.00468534,\n",
       "           0.00468704,  0.0046873 ],\n",
       "         ...,\n",
       "         [ 0.0046873 ,  0.00468704,  0.00468534, ...,  0.00468534,\n",
       "           0.00468706,  0.00468729],\n",
       "         [ 0.00468721,  0.00468713,  0.00468706, ...,  0.00468704,\n",
       "           0.00468713,  0.00468671],\n",
       "         [ 0.00468491,  0.00468671,  0.00468729, ...,  0.0046873 ,\n",
       "           0.00468721,  0.00468491]]]])"
      ]
     },
     "execution_count": 4,
     "metadata": {},
     "output_type": "execute_result"
    }
   ],
   "source": [
    "variables['b']"
   ]
  },
  {
   "cell_type": "code",
   "execution_count": 5,
   "metadata": {
    "scrolled": false
   },
   "outputs": [
    {
     "data": {
      "text/plain": [
       "array([[[[-0.00234375, -0.0046875 , -0.0046875 , ..., -0.0046875 ,\n",
       "          -0.0046875 , -0.0046875 ],\n",
       "         [-0.00234375, -0.0046875 , -0.0046875 , ..., -0.0046875 ,\n",
       "          -0.0046875 , -0.0046875 ],\n",
       "         [-0.00234375, -0.0046875 , -0.0046875 , ..., -0.0046875 ,\n",
       "          -0.0046875 , -0.0046875 ],\n",
       "         ...,\n",
       "         [-0.00234375, -0.0046875 , -0.0046875 , ..., -0.0046875 ,\n",
       "          -0.0046875 , -0.0046875 ],\n",
       "         [-0.00234375, -0.0046875 , -0.0046875 , ..., -0.0046875 ,\n",
       "          -0.0046875 , -0.0046875 ],\n",
       "         [-0.00234375, -0.0046875 , -0.0046875 , ..., -0.0046875 ,\n",
       "          -0.0046875 , -0.0046875 ]],\n",
       "\n",
       "        [[-0.00203125, -0.0040625 , -0.0040625 , ..., -0.0040625 ,\n",
       "          -0.0040625 , -0.0040625 ],\n",
       "         [-0.00203125, -0.0040625 , -0.0040625 , ..., -0.0040625 ,\n",
       "          -0.0040625 , -0.0040625 ],\n",
       "         [-0.00203125, -0.0040625 , -0.0040625 , ..., -0.0040625 ,\n",
       "          -0.0040625 , -0.0040625 ],\n",
       "         ...,\n",
       "         [-0.00203125, -0.0040625 , -0.0040625 , ..., -0.0040625 ,\n",
       "          -0.0040625 , -0.0040625 ],\n",
       "         [-0.00203125, -0.0040625 , -0.0040625 , ..., -0.0040625 ,\n",
       "          -0.0040625 , -0.0040625 ],\n",
       "         [-0.00203125, -0.0040625 , -0.0040625 , ..., -0.0040625 ,\n",
       "          -0.0040625 , -0.0040625 ]],\n",
       "\n",
       "        [[-0.00171875, -0.0034375 , -0.0034375 , ..., -0.0034375 ,\n",
       "          -0.0034375 , -0.0034375 ],\n",
       "         [-0.00171875, -0.0034375 , -0.0034375 , ..., -0.0034375 ,\n",
       "          -0.0034375 , -0.0034375 ],\n",
       "         [-0.00171875, -0.0034375 , -0.0034375 , ..., -0.0034375 ,\n",
       "          -0.0034375 , -0.0034375 ],\n",
       "         ...,\n",
       "         [-0.00171875, -0.0034375 , -0.0034375 , ..., -0.0034375 ,\n",
       "          -0.0034375 , -0.0034375 ],\n",
       "         [-0.00171875, -0.0034375 , -0.0034375 , ..., -0.0034375 ,\n",
       "          -0.0034375 , -0.0034375 ],\n",
       "         [-0.00171875, -0.0034375 , -0.0034375 , ..., -0.0034375 ,\n",
       "          -0.0034375 , -0.0034375 ]],\n",
       "\n",
       "        ...,\n",
       "\n",
       "        [[ 0.00171875,  0.0034375 ,  0.0034375 , ...,  0.0034375 ,\n",
       "           0.0034375 ,  0.0034375 ],\n",
       "         [ 0.00171875,  0.0034375 ,  0.0034375 , ...,  0.0034375 ,\n",
       "           0.0034375 ,  0.0034375 ],\n",
       "         [ 0.00171875,  0.0034375 ,  0.0034375 , ...,  0.0034375 ,\n",
       "           0.0034375 ,  0.0034375 ],\n",
       "         ...,\n",
       "         [ 0.00171875,  0.0034375 ,  0.0034375 , ...,  0.0034375 ,\n",
       "           0.0034375 ,  0.0034375 ],\n",
       "         [ 0.00171875,  0.0034375 ,  0.0034375 , ...,  0.0034375 ,\n",
       "           0.0034375 ,  0.0034375 ],\n",
       "         [ 0.00171875,  0.0034375 ,  0.0034375 , ...,  0.0034375 ,\n",
       "           0.0034375 ,  0.0034375 ]],\n",
       "\n",
       "        [[ 0.00203125,  0.0040625 ,  0.0040625 , ...,  0.0040625 ,\n",
       "           0.0040625 ,  0.0040625 ],\n",
       "         [ 0.00203125,  0.0040625 ,  0.0040625 , ...,  0.0040625 ,\n",
       "           0.0040625 ,  0.0040625 ],\n",
       "         [ 0.00203125,  0.0040625 ,  0.0040625 , ...,  0.0040625 ,\n",
       "           0.0040625 ,  0.0040625 ],\n",
       "         ...,\n",
       "         [ 0.00203125,  0.0040625 ,  0.0040625 , ...,  0.0040625 ,\n",
       "           0.0040625 ,  0.0040625 ],\n",
       "         [ 0.00203125,  0.0040625 ,  0.0040625 , ...,  0.0040625 ,\n",
       "           0.0040625 ,  0.0040625 ],\n",
       "         [ 0.00203125,  0.0040625 ,  0.0040625 , ...,  0.0040625 ,\n",
       "           0.0040625 ,  0.0040625 ]],\n",
       "\n",
       "        [[ 0.00234375,  0.0046875 ,  0.0046875 , ...,  0.0046875 ,\n",
       "           0.0046875 ,  0.0046875 ],\n",
       "         [ 0.00234375,  0.0046875 ,  0.0046875 , ...,  0.0046875 ,\n",
       "           0.0046875 ,  0.0046875 ],\n",
       "         [ 0.00234375,  0.0046875 ,  0.0046875 , ...,  0.0046875 ,\n",
       "           0.0046875 ,  0.0046875 ],\n",
       "         ...,\n",
       "         [ 0.00234375,  0.0046875 ,  0.0046875 , ...,  0.0046875 ,\n",
       "           0.0046875 ,  0.0046875 ],\n",
       "         [ 0.00234375,  0.0046875 ,  0.0046875 , ...,  0.0046875 ,\n",
       "           0.0046875 ,  0.0046875 ],\n",
       "         [ 0.00234375,  0.0046875 ,  0.0046875 , ...,  0.0046875 ,\n",
       "           0.0046875 ,  0.0046875 ]]],\n",
       "\n",
       "\n",
       "       [[[-0.00234362, -0.00468705, -0.00468681, ..., -0.00468676,\n",
       "          -0.00468681, -0.00468705],\n",
       "         [-0.00234344, -0.00468651, -0.00468604, ..., -0.00468593,\n",
       "          -0.00468604, -0.00468651],\n",
       "         [-0.00234338, -0.00468634, -0.00468581, ..., -0.0046857 ,\n",
       "          -0.00468581, -0.00468634],\n",
       "         ...,\n",
       "         [-0.00234338, -0.00468634, -0.00468581, ..., -0.0046857 ,\n",
       "          -0.00468581, -0.00468634],\n",
       "         [-0.00234344, -0.00468651, -0.00468604, ..., -0.00468593,\n",
       "          -0.00468604, -0.00468651],\n",
       "         [-0.00234362, -0.00468705, -0.00468681, ..., -0.00468676,\n",
       "          -0.00468681, -0.00468705]],\n",
       "\n",
       "        [[-0.00203145, -0.00406291, -0.00406294, ..., -0.00406303,\n",
       "          -0.00406294, -0.00406291],\n",
       "         [-0.00203146, -0.00406282, -0.00406275, ..., -0.00406286,\n",
       "          -0.00406275, -0.00406282],\n",
       "         [-0.00203149, -0.00406288, -0.00406282, ..., -0.00406296,\n",
       "          -0.00406282, -0.00406288],\n",
       "         ...,\n",
       "         [-0.00203149, -0.00406288, -0.00406282, ..., -0.00406296,\n",
       "          -0.00406282, -0.00406288],\n",
       "         [-0.00203146, -0.00406282, -0.00406275, ..., -0.00406286,\n",
       "          -0.00406275, -0.00406282],\n",
       "         [-0.00203145, -0.00406291, -0.00406294, ..., -0.00406304,\n",
       "          -0.00406294, -0.00406291]],\n",
       "\n",
       "        [[-0.00171888, -0.00343779, -0.00343784, ..., -0.00343788,\n",
       "          -0.00343784, -0.00343779],\n",
       "         [-0.00171891, -0.00343783, -0.00343787, ..., -0.00343792,\n",
       "          -0.00343787, -0.00343783],\n",
       "         [-0.00171893, -0.00343788, -0.00343792, ..., -0.00343799,\n",
       "          -0.00343792, -0.00343788],\n",
       "         ...,\n",
       "         [-0.00171893, -0.00343788, -0.00343792, ..., -0.00343799,\n",
       "          -0.00343792, -0.00343788],\n",
